0 = 886 605 125 75
103 = 0 0 131 82
10 = 0 240 130 76
100 = 648 228 128 73
101 = 379 844 126 75
102 = 776 150 128 71
11 = 392 79 128 78
12 = 0 473 127 76
13 = 253 839 126 76
14 = 131 78 131 76
15 = 646 380 127 78
16 = 262 0 130 79
17 = 520 78 128 77
18 = 381 612 126 79
19 = 768 458 126 75
2 = 0 392 129 81
20 = 0 549 127 76
21 = 894 457 126 73
22 = 129 463 127 76
23 = 127 838 126 80
24 = 131 154 130 79
25 = 254 760 126 79
26 = 0 82 131 79
27 = 127 918 126 77
28 = 508 538 126 77
29 = 390 235 128 77
3 = 262 79 130 78
30 = 520 0 128 78
31 = 648 77 128 76
32 = 388 389 128 75
33 = 519 232 128 76
34 = 648 153 128 75
35 = 759 758 125 75
36 = 0 316 130 76
37 = 904 73 125 72
38 = 0 625 127 76
39 = 776 76 128 74
4 = 261 157 130 78
40 = 130 387 129 76
41 = 127 615 127 75
42 = 885 755 125 74
43 = 392 0 128 79
44 = 648 0 128 77
45 = 391 157 128 78
46 = 634 612 126 75
47 = 131 233 130 75
48 = 642 458 126 76
49 = 884 829 125 73
5 = 261 235 129 77
50 = 774 301 127 78
51 = 127 539 127 76
52 = 130 308 129 79
53 = 1029 0 124 76
54 = 507 615 126 76
55 = 904 145 124 74
56 = 0 777 127 75
57 = 380 768 126 76
58 = 253 915 126 76
59 = 381 691 126 77
6 = 774 379 127 78
60 = 632 911 125 75
61 = 647 301 127 79
62 = 254 688 127 72
63 = 254 539 127 75
64 = 760 609 126 73
65 = 506 842 126 74
66 = 758 908 125 74
67 = 127 765 127 73
68 = 634 536 126 76
69 = 886 680 125 75
7 = 776 0 128 76
70 = 505 916 125 76
71 = 507 767 126 75
72 = 383 464 127 74
73 = 507 691 126 76
74 = 518 308 128 75
75 = 127 690 127 75
76 = 0 701 127 76
77 = 131 0 131 78
78 = 259 312 129 75
79 = 520 155 128 77
8 = 776 221 127 79
80 = 516 383 128 73
81 = 760 682 125 76
82 = 760 534 126 75
83 = 256 463 127 76
84 = 379 919 126 75
85 = 381 539 127 73
86 = 633 762 126 73
87 = 633 835 125 76
88 = 759 833 125 75
89 = 254 614 127 74
9 = 0 161 131 79
90 = 388 312 128 77
91 = 633 687 126 75
92 = 884 902 125 73
93 = 259 387 129 75
94 = 0 852 127 75
95 = 904 0 125 73
96 = 0 927 127 73
97 = 1029 76 124 73
98 = 886 533 126 72
99 = 516 456 126 80
